0,420
412,0
407,1
407,3
407,0
0,411
402,1
0,395
402,3
0,394
0,383
402,0
0,382
0,380
399,1
399,3
0,378
0,377
399,0
0,376
396,1
0,375
396,3
0,360
0,477
0,359
396,0
0,358
386,1
0,352
386,3
0,350
0,348
386,0
0,347
382,1
0,346
382,3
0,345
382,0
0,344
0,341
377,1
0,339
377,3
0,338
0,476
377,0
0,337
0,334
371,1
371,3
0,332
0,329
0,326
0,325
0,322
371,0
0,321
0,306
366,1
366,3
366,0
0,243
362,1
362,3
0,500
362,0
355,1
355,3
355,0
348,1
348,3
348,0
342,1
342,3
0,486
342,0
335,1
335,3
0,471
335,0
330,1
330,3
0,469
0,465
330,0
0,494
278,1
278,3
0,485
0,464
0,463
2,1
278,0
2,71
2,3
2,0
0,9
0,310
0,305
0,470
0,466
0,404
0,502
0,458
0,449
0,456
0,457
0,308
0,304
0,303
0,302
0,307
0,468
0,12
0,343
0,10
0,448
0,8
0,0
0,393
0,300
0,390
0,299
0,335
0,298
0,387
0,297
0,402
0,296
0,501
0,295
0,356
0,294
0,400
0,293
0,417
0,292
0,342
0,291
0,399
0,290
0,331
0,289
0,424
0,288
0,511
0,287
0,355
0,286
0,401
0,285
0,479
0,284
0,510
0,283
0,388
0,282
0,493
0,281
0,418
0,280
0,323
0,279
0,386
0,278
0,416
0,277
0,490
0,276
0,505
0,275
0,421
412,3
0,422
418,0
0,478
418,3
418,1
430,0
0,438
0,439
0,441
0,442
0,443
0,444
0,445
432,1
0,447
440,0
0,453
0,455
440,1
435,0
0,460
0,482
435,3
0,504
1,0
437,0
1,2
437,3
437,1
1,5
299,0
2,4
299,3
2,6
2,7
2,8
2,9
2,10
2,11
340,1
2,13
2,14
2,15
2,16
345,1
2,18
2,19
356,3
2,21
356,1
373,0
2,24
373,3
373,1
2,26
385,0
2,28
385,3
2,31
385,1
2,33
368,0
2,35
2,36
2,37
2,64
383,0
2,66
383,3
383,1
2,69
403,0
2,72
2,73
2,74
403,1
2,76
414,0
2,78
414,3
2,80
2,81
337,0
3,1
337,3
3,3
3,4
311,0
3,6
311,3
4,1
4,2
4,3
6,0
6,1
300,1
346,0
6,3
346,3
346,1
6,6
357,0
6,8
357,3
357,1
7,2
7,4
437,4
420,0
7,5
7,6
7,7
301,0
301,3
301,1
124,0
124,3
8,3
9,0
39,0
9,2
39,3
39,1
10,0
10,1
10,2
115,3
115,1
121,0
11,0
11,2
121,3
121,1
11,4
11,6
115,4
11,8
11,10
11,11
11,13
12,1
12,2
12,4
13,0
13,2
13,4
13,5
13,7
14,0
14,2
14,3
14,5
16,1
16,2
16,4
17,0
17,2
17,4
18,0
18,2
18,3
19,0
19,1
19,3
21,0
21,1
21,3
22,0
22,2
22,4
23,0
23,2
23,3
24,0
24,1
24,3
24,5
24,6
24,8
26,0
26,2
26,4
27,0
27,2
27,3
29,1
29,3
29,4
30,1
30,2
30,4
30,5
30,7
30,9
31,0
31,2
31,3
33,0
33,2
33,3
35,1
35,2
36,0
36,1
36,3
36,5
37,0
37,2
37,3
39,2
40,0
40,1
40,3
42,0
42,2
42,3
43,0
43,2
43,3
43,5
44,0
44,2
44,4
45,0
45,2
45,3
46,0
46,1
46,3
47,0
47,1
47,3
48,0
48,2
48,4
49,0
49,2
49,3
49,5
50,0
50,1
50,3
50,4
52,1
52,2
52,4
53,1
53,2
53,4
54,0
54,2
54,4
55,0
55,2
55,3
55,5
56,0
56,2
57,0
57,1
57,3
58,0
58,2
59,0
59,1
59,3
60,0
60,2
60,3
61,0
61,2
61,3
62,0
62,1
62,3
63,1
63,2
64,0
64,1
64,3
65,0
65,1
65,3
65,4
66,1
66,2
66,4
67,1
67,2
67,4
68,0
68,2
68,4
69,0
69,2
69,3
70,1
70,2
70,4
71,1
71,2
72,0
72,1
72,3
73,1
73,2
74,0
74,1
74,3
74,4
75,1
75,3
76,0
76,2
76,3
76,5
77,1
77,2
78,0
78,1
78,3
79,0
79,1
79,3
79,4
80,1
80,2
80,4
81,1
81,2
81,4
82,0
82,2
82,4
83,0
83,2
83,3
84,0
84,1
84,3
85,0
85,1
85,3
85,4
86,1
86,3
86,4
87,1
87,2
87,4
88,0
88,2
88,4
89,0
89,2
89,3
91,0
91,2
91,3
91,5
91,6
101,1
101,2
101,4
102,1
102,2
104,0
104,1
104,3
107,0
107,1
107,3
107,4
108,1
108,3
108,4
109,1
109,2
111,0
111,1
111,3
113,0
113,1
113,3
113,4
114,1
114,3
115,2
117,1
117,2
117,4
119,0
119,2
119,4
121,2
121,5
121,6
121,8
122,1
122,2
122,4
123,0
123,2
123,3
124,4
125,1
125,2
126,0
126,1
126,3
128,0
128,1
128,3
128,4
130,0
130,2
130,3
130,5
131,0
131,2
131,3
131,5
132,1
132,2
132,4
132,5
135,1
135,3
135,4
136,1
136,2
137,0
137,1
137,3
138,1
138,2
138,4
140,0
140,2
140,4
143,0
143,2
143,3
144,0
144,1
144,3
144,5
144,6
144,8
144,9
144,11
145,1
145,2
146,0
146,1
146,3
146,4
147,1
147,3
148,0
148,2
148,3
149,1
149,3
150,0
150,2
150,3
151,0
151,2
151,3
153,0
153,1
153,3
153,4
156,1
156,3
156,4
157,1
157,2
157,4
159,1
159,2
159,4
161,0
161,2
161,3
163,0
163,2
163,3
165,0
165,1
165,3
168,0
168,1
168,3
168,4
169,1
169,2
170,0
170,2
170,3
170,5
170,6
170,8
170,10
171,0
171,2
171,3
172,0
172,2
172,3
174,1
174,2
174,4
175,0
175,2
175,4
175,5
176,0
176,1
176,3
176,5
176,6
177,1
177,2
177,4
179,0
179,2
179,4
181,0
181,2
181,3
182,0
182,2
182,3
183,1
183,2
184,0
184,1
184,3
185,1
185,2
186,0
186,1
186,3
186,5
187,0
187,2
187,3
188,0
188,1
188,3
188,5
189,0
189,2
189,3
190,1
190,3
191,0
191,2
191,3
192,1
192,3
193,0
193,2
193,3
194,1
194,2
195,0
195,2
195,3
196,1
196,2
197,0
197,2
197,3
197,5
198,0
198,2
198,3
199,1
199,3
199,4
200,1
200,2
201,0
201,2
201,3
201,5
201,6
202,1
202,2
202,4
203,1
203,2
205,0
205,1
205,3
206,1
206,2
207,0
207,1
207,3
207,5
207,6
208,1
208,2
209,0
209,1
209,3
210,1
210,2
212,0
212,1
212,3
213,1
213,2
214,0
214,1
214,3
214,4
216,1
216,3
218,0
218,2
218,3
219,1
219,3
221,0
221,2
221,3
221,5
222,0
222,2
222,4
223,0
223,2
223,3
223,5
224,1
224,2
225,0
225,1
225,3
228,0
228,1
228,3
229,0
229,2
229,3
231,0
231,2
231,3
233,1
233,2
233,4
234,1
234,2
234,4
237,0
237,2
237,3
238,0
238,2
238,3
238,5
238,6
239,1
239,3
241,0
241,2
241,3
243,0
243,1
243,3
244,0
244,1
244,3
244,4
244,6
246,1
246,2
246,4
247,0
247,2
247,3
249,1
249,3
249,4
251,1
251,2
251,4
253,1
253,2
253,4
255,0
255,2
255,4
255,5
255,7
255,8
257,0
257,1
257,3
258,1
258,2
258,4
259,0
259,2
259,4
260,0
260,2
260,3
261,1
261,2
262,0
262,2
262,3
264,1
264,2
265,0
265,2
265,3
267,0
267,1
267,3
267,4
268,1
268,3
268,4
269,0
269,1
269,3
270,0
270,1
270,3
271,0
271,2
273,0
273,1
273,3
274,0
274,2
274,3
275,1
275,3
275,4
276,1
276,2
276,4
277,1
277,2
278,2
278,4
278,6
278,7
279,0
279,2
279,3
280,1
280,2
282,0
282,2
282,3
284,0
284,1
284,3
286,0
286,2
286,4
287,0
287,2
287,3
290,0
290,2
290,3
291,0
291,1
291,3
291,4
293,1
293,3
293,4
293,6
293,7
293,9
293,11
293,12
293,14
293,15
295,1
295,3
295,4
295,6
296,0
296,2
296,3
296,5
296,7
297,0
297,2
297,3
297,5
298,1
298,2
299,2
299,4
299,6
299,7
299,9
300,4
300,5
301,2
301,4
301,6
302,1
302,2
302,4
303,0
303,2
303,3
303,5
305,1
305,2
305,4
305,5
305,7
308,1
308,2
308,4
308,5
311,4
314,0
314,1
314,3
314,4
315,0
315,1
315,3
318,0
318,1
318,3
318,4
321,0
321,2
321,3
321,5
324,0
324,2
324,3
324,5
327,1
327,2
327,4
327,5
330,4
335,2
335,4
335,6
335,7
335,9
335,10
336,0
336,2
336,3
336,5
336,6
337,4
338,0
338,1
338,3
338,4
340,4
340,5
342,2
342,5
342,6
345,4
345,5
345,7
345,9
346,2
346,5
348,2
348,5
349,0
349,1
349,3
349,4
349,6
350,0
350,2
350,4
350,5
351,1
351,2
351,4
355,2
355,4
355,6
355,7
356,2
356,4
357,4
362,4
362,5
362,7
362,8
362,10
362,12
366,2
366,5
366,6
366,8
366,9
368,2
368,5
368,6
371,2
371,4
371,6
373,2
373,4
373,6
373,7
374,0
374,2
374,3
375,0
375,1
375,3
375,4
377,2
377,5
377,6
378,0
378,1
378,3
379,0
379,1
379,3
382,2
382,5
382,6
383,2
385,2
385,4
385,6
386,2
386,5
386,7
386,8
387,1
387,2
387,4
388,0
388,2
388,4
392,0
392,2
392,3
392,5
392,7
392,8
392,10
392,11
392,13
392,15
393,0
393,2
393,3
393,5
393,6
396,4
396,6
399,2
399,5
399,6
399,8
399,10
400,0
400,2
400,3
402,2
402,4
403,2
403,5
404,0
404,2
404,3
404,5
407,4
407,5
407,7
412,2
412,5
412,6
412,8
412,10
412,11
414,4
414,5
418,2
418,5
418,6
418,8
419,0
419,2
419,3
419,5
420,2
422,0
422,2
422,3
422,5
422,7
422,8
422,10
430,2
430,5
430,7
430,8
430,10
430,11
432,4
432,5
434,1
434,3
434,4
434,6
435,2
435,5
436,1
436,2
437,2
438,0
438,2
438,3
438,5
440,4
440,5
441,0
441,1
441,3
441,4
441,2
440,6
440,2
438,4
438,1
436,3
436,0
435,4
434,5
434,2
434,0
432,2
430,9
430,6
430,4
422,9
422,6
422,4
422,1
419,6
419,4
419,1
418,7
418,4
414,6
414,2
412,9
412,7
412,4
407,6
407,2
404,4
404,1
403,4
402,5
400,4
400,1
399,9
399,7
399,4
396,5
396,2
393,4
393,1
392,14
392,12
392,9
392,6
392,4
392,1
388,3
388,1
387,3
387,0
386,6
386,4
385,5
383,4
382,7
382,4
379,2
378,4
378,2
377,7
377,4
375,5
375,2
374,4
374,1
373,8
373,5
371,7
371,5
368,7
368,4
366,10
366,7
366,4
362,11
362,9
362,6
362,2
357,2
355,8
355,5
351,5
351,3
351,0
350,3
350,1
349,5
349,2
348,6
348,4
346,4
345,8
345,6
345,2
342,4
340,6
340,2
338,2
337,5
337,2
336,4
336,1
335,11
335,8
335,5
330,5
330,2
327,3
327,0
324,4
324,1
321,4
321,1
318,5
318,2
315,4
315,2
314,5
314,2
311,5
311,2
308,3
308,0
305,6
305,3
305,0
303,4
303,1
302,3
302,0
301,5
300,6
300,2
299,8
299,5
298,3
298,0
297,4
297,1
296,6
296,4
296,1
295,5
295,2
295,0
293,13
293,10
293,8
293,5
293,2
293,0
291,2
290,4
290,1
287,4
287,1
286,3
286,1
284,2
282,4
282,1
280,3
280,0
279,1
278,8
278,5
277,3
277,0
276,3
276,0
275,2
275,0
274,1
273,2
271,3
271,1
270,2
269,4
269,2
268,5
268,2
268,0
267,2
265,4
265,1
264,3
264,0
262,1
261,3
261,0
260,1
259,3
259,1
258,3
258,0
257,2
255,9
255,6
255,3
255,1
253,3
253,0
251,3
251,0
249,2
249,0
247,1
246,3
246,0
244,5
244,2
243,4
243,2
241,4
241,1
239,2
239,0
238,4
238,1
237,4
237,1
234,3
234,0
233,3
233,0
231,1
229,4
229,1
228,2
225,4
225,2
224,3
224,0
223,4
223,1
222,3
222,1
221,4
221,1
219,2
219,0
218,1
216,2
216,0
214,2
213,3
213,0
212,2
210,3
210,0
209,2
208,3
208,0
207,4
207,2
206,3
206,0
205,2
203,3
203,0
202,3
202,0
201,4
201,1
200,3
200,0
199,2
199,0
198,1
197,4
197,1
196,3
196,0
195,1
194,3
194,0
193,1
192,2
192,0
191,1
190,2
190,0
189,1
188,4
188,2
187,4
187,1
186,4
186,2
185,3
185,0
184,2
183,3
183,0
182,1
181,4
181,1
179,3
179,1
177,3
177,0
176,4
176,2
175,6
175,3
175,1
174,3
174,0
172,1
171,4
171,1
170,9
170,7
170,4
170,1
169,3
169,0
168,2
165,4
165,2
163,4
163,1
161,4
161,1
159,3
159,0
157,3
157,0
156,2
156,0
153,2
151,4
151,1
150,4
150,1
149,2
149,0
148,1
147,2
147,0
146,2
145,3
145,0
144,10
144,7
144,4
144,2
143,4
143,1
140,3
140,1
138,3
138,0
137,2
136,3
136,0
135,2
135,0
132,3
132,0
131,4
131,1
130,4
130,1
128,5
128,2
126,4
126,2
125,3
125,0
124,2
123,1
122,3
122,0
121,7
121,4
119,3
119,1
117,3
117,0
114,2
114,0
113,2
111,4
111,2
109,3
109,0
108,2
108,0
107,2
104,4
104,2
102,3
102,0
101,3
101,0
91,4
91,1
89,4
89,1
88,3
88,1
87,3
87,0
86,2
86,0
85,2
84,4
84,2
83,4
83,1
82,3
82,1
81,3
81,0
80,3
80,0
79,2
78,4
78,2
77,3
77,0
76,4
76,1
75,2
75,0
74,2
73,3
73,0
72,2
71,3
71,0
70,3
70,0
69,1
68,3
68,1
67,3
67,0
66,3
66,0
65,2
64,4
64,2
63,3
63,0
62,2
61,4
61,1
60,4
60,1
59,2
58,3
58,1
57,2
56,3
56,1
55,4
55,1
54,3
54,1
53,3
53,0
52,3
52,0
50,2
49,6
49,4
49,1
48,3
48,1
47,2
46,4
46,2
45,4
45,1
44,3
44,1
43,4
43,1
42,4
42,1
40,2
39,4
37,4
37,1
36,4
36,2
35,3
35,0
33,1
31,4
31,1
30,8
30,6
30,3
30,0
29,2
29,0
27,1
26,3
26,1
24,7
24,4
24,2
23,4
23,1
22,3
22,1
21,2
19,4
19,2
18,4
18,1
17,3
17,1
16,3
16,0
14,4
14,1
13,6
13,3
13,1
12,3
12,0
11,12
11,9
11,7
11,5
11,3
11,1
10,4
10,3
115,0
9,4
9,3
9,1
124,1
8,2
8,1
8,0
420,1
420,3
437,5
7,3
7,1
7,0
6,7
6,5
6,4
6,2
300,3
300,0
311,1
4,0
3,5
337,1
3,2
3,0
414,1
2,79
2,77
2,75
403,3
2,70
2,68
2,67
2,65
368,1
368,3
2,34
2,32
2,30
2,29
2,27
2,25
2,23
2,22
2,20
356,0
2,17
345,3
345,0
2,12
340,3
340,0
299,1
2,5
2,2
1,4
1,3
1,1
435,1
0,497
0,462
0,459
440,3
0,450
0,446
432,3
432,0
430,1
430,3
0,436
0,427
0,423
412,1
0,407
0,274
0,475
0,273
0,354
0,272
0,409
0,271
0,474
0,270
0,499
0,269
0,381
0,268
0,473
0,267
0,415
0,266
0,364
0,265
0,480
0,264
0,398
0,263
0,503
0,262
0,492
0,261
0,349
0,260
0,412
0,259
0,498
0,258
0,336
0,257
0,491
0,256
0,357
0,255
0,489
0,254
0,385
0,253
0,496
0,252
0,413
0,251
0,488
0,250
0,369
0,249
0,353
0,248
0,324
0,247
0,405
0,246
0,472
0,245
0,440
0,244
0,384
0,242
0,509
0,241
0,340
0,240
0,403
0,239
0,408
0,238
0,320
0,237
0,414
0,236
0,467
0,235
0,319
0,234
0,437
0,233
0,374
0,232
0,461
0,231
0,392
0,230
0,373
0,229
0,330
0,228
0,314
0,227
0,435
0,226
0,434
0,225
0,454
0,224
0,327
0,223
0,433
0,222
0,432
0,221
0,487
0,220
0,507
0,219
0,431
0,218
0,328
0,217
0,410
0,216
0,430
0,215
0,318
0,214
0,484
0,213
0,508
0,212
0,317
0,211
0,397
0,210
0,363
0,209
0,316
0,208
0,495
0,207
0,396
0,206
0,429
0,205
0,428
0,204
0,483
0,203
0,452
0,202
0,311
0,201
0,368
0,200
0,379
0,199
0,367
0,198
0,366
0,197
0,362
0,196
0,315
0,195
0,365
0,194
0,426
0,193
0,481
0,192
0,63
0,361
0,62
0,419
0,61
0,371
0,60
0,59
0,370
0,58
0,389
0,57
0,56
0,406
0,55
0,54
0,425
0,53
0,351
0,52
0,312
0,51
0,333
0,50
0,391
0,49
0,372
0,48
0,309
0,47
0,506
0,46
0,313
0,45
0,301
0,6
0,5
0,1
0,451
0,11
0,4
0,2
0,3
0,7
